10
3
1
8
2
4
4
4
9
9
2
4
1
7
3
2
5
11
2
3
80
2
4
4
1
2
4
12
6
2
3
6
8
2
1
9
2
1
2
2
5
1
4
10
3
3
17
13
11
2
1
5
4
8
6
2
1
4
1
3
4
2
12
2
3
3
6
9
2
4
3
4
4
1
4
3
3
1
3
34
8
1
8
8
192
282
7
5
5
160
4
211
211
1
89
8
11
5
8
6
6
1
4
3
2
1
48
3
6
6
7
6
7
4
10
1
200
3
7
7
44
96
9
1
10
308
93
5
1
2
1
4
6
5
8
7
15
1
1
1
5
5
2
6
5
3
1
6
7
9
8
7
5
8
30
72
16
23
29
63
28
30
8
9
11
3
5
2
18
3
5
2
4
21
4
12
3
4
1
4
5
2
2
2
5
3
1
1
1
2
235
112
255
2
9
2
26
6
7
6
9
8
9
8
1
12
3
7
4
7
8
3
2
8
9
6
6
7
3
2
72
9
1
5
6
2
9
1
10
16
7
56
6
9
9
56
7
19
14
14
6
3
2
1
3
9
7
7
4
7
4
6
6
8
8
1
11
11
11
3
3
7
3
4
6
2
1
4
4
9
73
9
5
6
4
1
2
2
2
5
9
3
3
8
2
6
2
2
8
1
4
2
2
3
8
7
5
5
6
8
5
3
3
1
3
2
8
7
1
4
1
2
4
2
1
2
2
6
2
1
1
2
4
2
3
1
8
2
1
2
3
4
2
1
2
3
2
1
1
3
7
9
7
6
1
1
1
4
9
2
7
3
1
6
2
1
4
9
9
6
2
10
4
5
2
20
2
4
8
2
8
10
6
4
3
10
3
14
2
11
9
9
5
8
8
15
8
1
87
5
4
2
7
7
1
7
15
10
1
7
15
10
6
37
1
1
6
5
32
4
1
1
6
21
5
4
14
4
28
2
3
4
4
32
29
1
2
4
1
3
31
30
4
6
1
3
2
14
7
4
1
1
14
1
1
1
4
1
2
3
6
9
10
2
23
3
21
4
1
1
23
5
2
8
6
1
15
1
3
3
81
4
24
16
8
3
5
4
3
27
1
8
2
3
5
1
22
3
21
11
5
11
10
5
8
28
18
5
9
12
6
10
25
1
8
2
24
24
15
2
2
18
11
10
17
25
13
16
23
14
1
11
9
14
30
12
24
6
12
18
5
10
7
6
234
12
9
20
3
9
1
2
2
11
20
6
5
19
32
20
11
4
9
133
39
4
2
5
9
9
3
24
23
9
214
31
23
34
26
5
2
12
24
1
9
4
1
9
9
10
8
8
10
8
4
6
29
19
24
16
5
8
24
28
9
21
5
21
10
27
18
9
14
21
7
5
2
2
22
4
7
14
17
39
5
6
26
27
2
25
9
34
21
2
20
30
1
5
31
5
2
8
21
30
5
20
7
19
7
1
11
27
28
16
10
7
29
13
21
4
6
6
6
10
2
15
32
2
16
14
20
18
16
1
3
1
22
9
20
1
12
46
2
34
31
18
9
19
11
5
1
18
2
3
33
25
19
11
24
2
9
8
32
20
18
18
2
2
146
1
245
15
157
6
1
8
19
4
24
1
10
10
8
31
1
5
28
26
5
28
200
11
6
8
1
16
29
11
7
253
15
6
9
9
6
4
20
1
27
1
7
1
19
17
6
1
7
1
14
20
1
8
17
7
10
4
8
21
1
25
1
18
7
11
15
11
6
7
13
1
29
6
6
52
10
20
6
24
18
15
23
2
29
1
1
5
12
11
1
21
13
14
2
10
7
5
24
1
32
15
5
22
7
6
13
10
22
1
23
11
1
24
30
21
1
1
10
2
21
76
23
1
1
1
175
1
276
10
24
32
10
13
39
20
9
17
8
3
76
11
1
1
1
4
10
1
1
2
1
10
23
9
5
14
17
10
10
191
8
8
9
9
6
7
7
10
10
9
1
9
7
10
7
9
10
1
14
1
2
9
2
1
6
7
2
4
14
5
9
11
7
5
2
12
9
3
10
7
3
3
1
2
10
18
6
9
7
8
7
1
234
2
23
10
205
9
5
14
10
11
36
25
1
1
1
16
6
7
14
1
15
15
17
19
1
10
1
18
18
18
2
296
1
43
180
4
1
10
18
8
9
6
1
1
1
1
1
4
1
20
1
1
13
28
14
21
1
12
1
1
1
1
17
1
13
8
40
57
1
1
42
1
10
1
1
4
239
28
6
31
11
2
2
1
60
1
12
8
4
1
18
1
1
17
7
7
44
1
1
13
2
13
1
31
38
15
18
28
1
1
1
2
29
3
1
18
12
87
1
1
6
1
2
2
16
5
1
1
6
1
13
33
98
2
165
58
2
2
298
13
30
29
1
1
1
1
9
7
72
9
10
7
102
2
13
1
1
33
59
2
11
1
8
8
3
11
180
14
9
1
102
1
1
113
1
16
301
157
7
74
24
29
1
14
5
8
1
1
1
1
26
13
6
16
1
1
4
3
1
1
12
1
1
2
1
48
2
1
9
1
18
1
20
1
7
9
1
15
22
1
1
1
2
1
1
300
6
7
1
6
1
1
6
3
7
29
4
13
2
2
8
2
3
2
9
10
8
1
7
23
2
7
3
32
13
2
1
2
6
1
12
6
3
2
2
14
8
6
2
8
1
1
3
1
5
2
1
7
1
10
8
6
155
1
1
50
4
10
47
1
1
2
1
38
73
1
2
2
2
10
1
1
24
16
23
55
5
2
17
1
2
1
2
2
2
3
49
10
2
2
1
19
1
9
62
13
3
10
1
40
139
21
2
8
2
1
3
1
13
24
39
1
1
7
15
5
30
2
8
23
3
20
2
31
14
2
24
2
278
1
5
1
1
1
2
16
2
1
1
1
10
2
1
49
2
275
4
9
85
2
1
1
2
1
1
1
1
2
2
2
2
2
2
8
5
1
2
8
2
3
8
1
2
2
1
1
1
2
2
5
2
2
1
4
3
3
11
3
2
88
3
3
1
2
1
1
1
1
2
8
3
5
5
3
3
3
2
3
3
7
1
1
1
1
1
2
10
2
2
2
2
1
2
2
8
7
27
2
15
11
9
2
2
2
2
2
2
2
2
6
4
2
2
1
4
2
4
2
2
2
3
2
2
2
2
2
3
2
1
3
1
1
1
1
1
1
2
10
10
1
7
1
3
3
1
3
4
5
2
1
6
2
2
1
1
3
3
3
1
1
2
1
3
3
2
2
3
1
8
1
5
1
9
3
6
2
2
4
4
1
2
4
6
4
4
7
3
5
5
5
2
6
2
2
7
1
3
6
8
2
1
4
1
8
3
1
2
2
3
1
2
1
2
1
2
2
4
5
2
1
2
1
11
2
1
2
3
3
5
2
2
1
1
9
9
1
4
3
6
1
1
4
1
2
3
1
3
4
1
3
5
1
3
8
2
3
5
4
1
5
4
2
6
3
3
2
2
1
1
1
2
1
3
1
1
1
7
2
1
1
3
1
1
2
4
1
3
9
1
4
1
4
1
3
2
4
1
3
1
4
4
3
1
13
22
6
1
9
3
9
4
35
1
1
1
5
7
8
1
7
1
3
2
4
11
5
3
2
1
1
1
3
3
1
1
4
4
3
3
10
1
5
3
1
2
1
1
1
1
1
5
6
11
3
2
4
6
1
1
3
7
7
1
4
9
1
1
1
7
1
4
1
3
4
1
1
4
1
4
2
8
1
2
6
1
1
1
3
1
1
1
3
4
3
7
121
10
2
1
1
4
1
1
1
3
2
2
1
5
4
2
3
9
8
8
1
2
5
1
1
4
3
1
4
2
2
5
1
2
1
1
1
1
1
5
1
4
7
2
3
5
2
3
2
4
2
2
1
2
3
4
3
1
1
1
2
3
7
6
1
4
3
2
8
3
3
1
3
1
6
1
4
8
3
4
2
3
1
1
1
1
1
4
1
1
5
1
1
1
1
1
1
1
5
1
3
3
33
1
2
3
3
113
143
57
1
2
2
2
2
2
2
2
2
4
3
102
3
2
2
1
2
1
8
1
1
3
1
8
4
4
1
1
1
1
3
6
1
1
6
1
8
1
4
154
1
1
4
5
1
1
1
1
10
6
1
41
1
1
1
2
1
1
1
1
2
10
7
1
1
1
1
1
1
1
1
1
1
1
1
1
1
1
8
1
1
1
1
1
1
1
1
8
1
4
1
7
1
2
1
1
35
1
1
1
1
1
6
1
1
1
13
6
7
1
1
5
1
9
1
1
1
1
8
1
7
4
1
3
1
1
1
1
2
5
1
1
5
1
1
1
1
1
1
4
1
1
1
1
1
1
1
6
2
8
12
1
1
1
1
6
27
1
9
1
1
8
1
1
1
1
5
1
1
1
1
1
1
1
1
1
27
1
1
1
1
1
2
3
1
1
1
1
1
1
3
2
1
1
6
1
1
8
1
1
1
2
1
1
1
1
1
1
1
6
1
1
1
6
1
1
6
4
5
1
4
6
3
1
1
1
1
1
1
1
9
13
4
6
1
4
1
2
1
3
1
65
2
3
1
8
3
1
1
1
1
1
1
1
3
1
1
6
5
1
1
1
6
9
1
1
1
1
1
5
28
1
1
1
1
1
1
1
2
1
1
3
5
1
3
1
1
1
2
1
1
1
1
1
1
1
1
1
1
6
1
1
1
1
1
1
1
1
3
7
11
3
1
1
1
1
1
25
1
3
5
1
1
1
1
1
6
1
1
9
1
1
1
1
1
2
6
3
1
1
2
1
1
1
1
1
2
3
1
1
1
1
1
8
5
1
1
1
3
1
1
1
1
53
1
1
1
1
55
1
1
1
1
5
1
1
1
1
1
1
3
1
22
1
1
1
1
3
1
1
1
4
1
1
1
1
1
1
38
1
1
1
1
3
1
4
1
7
2
1
1
1
9
5
6
2
1
1
11
1
1
1
4
1
1
9
1
14
1
1
1
1
1
1
1
1
5
1
3
1
1
1
1
1
1
1
46
1
1
8
1
1
7
1
4
2
1
1
2
9
56
1
1
3
1
1
1
1
1
2
2
1
2
1
5
1
2
2
2
15
2
1
1
4
1
1
6
1
3
1
1
6
1
2
1
1
1
5
9
2
75
2
11
18
2
1
1
1
1
2
4
1
1
5
1
2
1
6
3
2
1
1
2
1
1
1
1
2
1
2
4
4
1
1
1
1
1
1
1
1
1
10
1
1
8
1
1
1
1
1
1
2
4
1
1
1
10
1
1
8
3
1
251
10
7
1
1
2
2
1
1
1
3
13
3
1
1
11
6
6
1
8
9
1
2
1
2
2
1
1
58
2
3
1
1
47
1
2
1
14
13
2
1
26
2
2
3
7
1
2
1
239
1
1
1
1
1
1
13
8
10
1
1
1
1
253
118
1
10
10
10
1
1
2
1
1
1
1
1
1
5
1
1
1
1
1
3
1
1
1
1
1
2
1
1
18
5
1
5
1
45
8
1
15
6
1
5
30
1
1
1
1
9
1
1
8
1
1
1
1
8
3
1
2
1
14
2
1
6
1
1
1
2
1
1
1
1
5
1
4
1
1
1
1
1
10
1
1
1
1
9
10
6
18
9
5
1
1
1
1
9
1
5
8
1
1
1
34
1
7
1
3
2
1
11
11
65
14
8
1
1
2
1
8
1
1
29
1
1
1
1
6
1
1
60
1
1
2
12
12
3
22
1
1
1
8
3
1
9
22
1
9
11
3
1
1
1
1
1
1
1
5
1
8
1
5
7
1
1
1
1
1
1
1
1
1
1
1
2
1
2
1
10
1
14
7
1
1
8
1
1
1
1
1
1
116
29
33
1
4
9
1
1
1
1
1
1
1
30
14
1
115
1
1
1
1
1
6
1
1
1
5
1
1
8
1
6
1
1
1
1
1
1
4
1
1
1
1
3
1
5
1
4
1
1
1
1
1
25
3
1
7
11
1
1
1
1
1
1
1
1
2
30
3
8
7
3
2
1
2
1
1
1
1
1
1
41
1
2
1
1
17
1
1
1
8
2
19
3
1
1
1
1
1
1
1
1
1
1
1
1
1
5
1
1
1
1
1
1
58
1
1
8
8
1
1
1
1
1
9
1
1
1
1
1
1
1
4
7
1
215
1
2
13
5
9
1
12
2
1
1
1
1
1
16
1
1
1
7
2
1
9
1
1
1
1
1
1
3
1
1
2
3
1
9
10
1
1
1
68
1
1
1
2
1
1
1
1
4
1
1
8
3
1
4
7
3
1
14
36
1
1
1
1
1
1
1
10
1
1
9
1
1
10
1
10
1
1
16
1
1
1
170
5
1
1
1
1
1
1
1
5
1
5
9
1
1
1
1
1
1
1
1
1
1
1
36
4
2
1
1
1
1
1
6
1
21
1
1
10
1
1
1
1
47
1
1
1
4
1
1
3
4
4
6
2
30
2
1
10
2
2
2
9
1
2
2
1
6
2
3
32
5
10
2
1
2
5
3
3
4
5
27
4
3
2
4
3
1
1
1
2
30
6
26
1
1
8
4
6
5
1
10
1
2
9
49
1
42
6
4
1
2
2
5
2
3
11
6
18
2
6
6
2
5
2
7
6
11
6
1
8
3
6
7
1
1
1
1
7
2
7
1
1
2
7
1
5
5
8
1
7
7
12
2
2
60
6
9
1
2
5
3
2
2
1
1
6
4
2
7
2
6
2
36
3
6
1
1
5
6
2
3
5
2
5
14
1
4
11
1
2
1
3
5
1
3
31
5
1
6
1
7
8
4
2
4
2
10
11
6
1
1
5
1
9
14
1
1
6
2
1
1
8
1
4
5
2
3
2
2
8
9
2
8
3
2
1
2
1
9
1
4
8
1
3
5
1
1
2
6
3
1
1
1
2
6
2
1
3
1
1
1
1
4
7
2
4
1
5
5
7
8
9
6
1
1
1
1
1
1
7
8
3
5
7
8
4
8
9
7
1
8
2
4
7
1
2
6
7
4
1
5
10
1
7
6
7
1
1
5
1
7
1
1
1
5
1
2
2
2
4
1
7
1
8
6
3
2
1
1
1
3
8
1
1
1
5
2
6
4
1
2
5
2
4
1
2
1
1
1
1
7
1
80
1
5
7
5
1
3
10
1
4
3
4
1
5
5
3
7
5
4
1
1
1
19
5
2
1
17
25
1
2
2
2
2
2
1
2
3
3
2
17
3
1
4
2
5
5
1
5
2
1
138
9
7
6
6
4
4
5
2
5
5
4
11
2
1
3
2
1
6
4
1
2
1
2
124
1
5
4
4
5
7
1
2
1
1
6
3
3
62
3
1
1
1
1
18
1
2
3
3
1
7
1
20
10
3
1
2
4
1
1
2
5
3
3
9
1
3
1
5
5
7
4
6
4
5
4
3
4
4
3
7
2
8
1
3
1
1
9
3
7
2
2
1
7
1
1
1
2
7
7
1
1
2
1
5
1
3
7
2
1
1
2
7
2
2
5
3
2
2
4
1
1
1
1
1
1
1
2
2
3
3
6
1
2
7
1
1
10
1
1
1
8
1
2
3
4
4
138
3
1
1
2
1
2
5
2
1
3
3
3
4
2
3
2
2
3
7
2
3
1
3
3
1
7
3
3
3
3
3
5
5
4
1
4
5
10
1
1
1
2
2
3
3
2
2
3
2
2
2
2
3
10
2
2
1
21
5
3
4
2
3
3
3
2
1
2
3
3
2
2
1
1
2
124
2
8
2
2
1
3
1
10
2
2
62
1
1
1
5
6
1
2
2
2
9
1
2
2
1
1
10
2
2
3
5
1
2
2
8
2
2
2
2
7
2
4
1
1
4
1
2
1
2
3
3
6
1
3
21
4
1
1
2
3
1
3
6
1
4
2
7
1
1
2
4
6
1
4
3
5
1
5
3
4
2
5
4
5
2
1
1
1
2
3
2
2
3
1
1
1
1
1
1
1
3
1
1
1
1
1
1
6
1
5
1
1
1
1
1
1
5
1
12
1
1
1
1
1
1
4
2
2
1
7
5
1
1
2
1
3
1
1
1
1
1
10
1
1
1
1
1
1
6
1
1
1
1
1
3
1
1
1
1
1
3
1
1
1
1
1
2
1
1
1
1
1
1
2
1
1
1
1
1
1
1
1
1
1
2
1
1
1
4
1
1
1
7
1
1
1
3
7
1
1
1
1
1
1
1
1
2
1
1
3
5
2
5
2
1
1
1
1
1
1
1
9
1
1
1
1
1
1
17
1
1
1
1
8
1
1
1
1
2
1
3
1
1
1
1
2
1
1
1
1
1
12
1
1
1
1
1
6
4
1
1
20
1
8
1
1
1
1
1
5
2
1
2
1
10
1
1
2
1
1
1
1
3
1
1
1
1
1
1
1
1
13
1
1
2
1
1
1
1
1
1
1
1
1
9
1
1
1
2
1
1
1
1
1
1
1
1
1
1
1
2
4
1
1
1
1
1
1
1
1
2
8
1
1
1
1
1
6
1
1
1
1
4
2
3
1
1
1
1
7
5
1
1
1
2
1
1
1
1
3
1
1
1
1
1
1
1
9
9
1
1
1
1
1
1
1
1
1
1
1
1
1
1
1
1
1
3
1
1
1
1
1
1
1
1
1
1
1
1
1
1
1
1
1
1
1
1
1
1
1
1
1
1
1
1
1
1
1
1
1
10
2
1
1
1
1
6
1
1
1
1
1
1
1
1
1
1
1
1
6
1
7
1
1
1
1
1
1
8
1
1
1
1
1
1
1
1
1
1
1
2
3
1
6
1
1
1
6
1
1
6
1
1
3
1
1
4
1
1
1
10
1
1
1
1
1
1
1
1
1
1
6
1
1
1
2
1
1
3
1
1
7
1