159
112
119
1
1
721
131
604
189
83
149
159
2
79
112
351
102
140
647
121
79
112
28
205
30
1
393
83
1015
10
14
15
5
879
119
14
986
6
3
40
2
193
1
31837
2491
61
9
3
6
6
4
6
3
35
6
9
2
626
346
346
346
1
12
38
86
36
42
107
26849
11
394
394
22
2
2
37
44
22
2070
2
26849
2456
37
25
698
2
3
28
71
175
201
201
5391
885
8
1
20037
4
1
1
5
12553
9304
3
367
80
1144
2
2
2
211
368
7
108
29838
4
2
41
2526
9
865
4
83
16304
9
108
129
16
65
3
1
1
1
1
1
1
76
2
1
3
17
102
5
1
30
4
340
3
1
3
675
1
1
2
8
1
13
15
3
2
23
213
88
1
92
7
1
1
2
1
10
256
2
1
1
6
1
1
1
3
1
3
7
1
1
56
90
2
2
1
2
26
110
3
5
3
253
1
2
338
407
126
1143
576
5
26
5
286
8
164
16
6
14
130
130
6
1
442
3
8
1
16
18
639
6
1
3
13
1
2
55
1
1
68
2717
134
11
11
18
11
42
295
1219
94
145
2
3827
3
70
32
32
21
185
199
1
1
25
61
1
20
250
1
1
19
30
34
23
125
24
2
316
1
1
1
7
203
116
1
23
22
147
3
1
14
3
171
149
67
8
4
113
1
62
4
209
1
20
47
47
1
2227
35
35
1
52
2
170
67
1
15
2
2
1
67
9
1744
3
928
67
1
4
1
39
17
47
248
236
155
216
82
43
1
9
12
75
75
21
17
6
20
222
438
1858
12
26
119
1648
57
1
109
4
83
3
145
19
7
15
234
6
8
1
3
362
308
1035
1162
1458
609
7536
351
1324
559
275
3750
277
1916
292
153
745
284
2959
135
157
329
3193
201
6519
16037
2014
48
143
386
1247
2792
418
3196
7902
1095
183
2539
10826
1752
725
806
19139
774
1051
465
794
419
256
725
584
162
487
472
107
347
1397
175
1538
975
803
146
464
104
92
755
83
481
88
256
180
147
307
199
5947
210
1523
171
141
2865
780
264
54
428
290
5611
337
1054
1850
746
2350
353
258
627
68
464
611
301
281
226
188
126
1521
166
294
207
566
7111
392
783
751
787
413
436
590
1706
647
859
14209
1424
247
1102
887
290
700
864
1169
223
14
3
26
14
9
19
10670
47
53
15
65
30
213
3004
1
27
141
15
92
62
18
205
1
108
81
53
42
568
65
842
196
2274
122
954
2808
589
8706
2565
1156
205
3785
4681
1
3
72
2561
859
430
23
1
7
137
194
197
1107
476
1
1229
5158
5158
378
85241
3687
273
50014
9238
28772
649372
2990
376
10491
44361
7712
26971
918
1471
1367
1937
27
2
249
25772
1698
1343
20361
471
171
751
1051
446698
446698
15035
273
26248
25
43028
1751
15910
314
1911
2286
1647
1647
69721
309857
309857
15
1
3946
266
18
1747
41
88
186
5445
79499
756914
113983
217
1165
3410
44788
72
296835
1405
831
152
10981
3081
183386
169
51806
6918
9960
9110
302017
44
1801
4264
2597
9844
9844
14145
4159
892
7635
45024
86520
67585
3708
2
35
539
28023
34732
4978
218397
976871
268635
9
857
1924
35403
6
3712
145838
146594
1
719
382
760
114
114
17110
6741
154
273
37787
74852
131
167
14664
8
7971
1004
1203
3019
61228
440
242679
29420
140
2325
10154
266
86194
2031
65428
36484
149537
62617
320
1402
73
1972
11226
38
1978
3169
1471
855980
8480
1006572
3566
541
291911
45351
2295
1
180085
1183
18353
28299
191
51135
138377
7198
25924
107768
40561
46074
134723
4230
279
3165
188
49
7482
255515
299909
5128
41186
57378
307790
138493
6658
61189
152430
3558
727666
356
23
67713
98
35058
855980
19752
2
19433
28293
63271
6576
76501
204947
78014
129470
1062
122
847
85
1329
896
2483
1
910
479
41
1
165
2234
2894
72
10
44
236
37
1460
405
718
1
1329
51
146
431
97
5
214
169
550
457
2013
72
771
884
674
1
8
467
1027
370
40
2190
1252
213
848
140
657
382
147
344
2602
548
278
143
548
427
272
37
5238
5238
7547
1
381
19
24
802
387
113
1267
931
149
781
2825
1602
87
63
85
112
1309
768
821
4712
21086
54
569
137
235
3179
583
100
544
693
464
1
107
3116
388
179
13
110
608
420
1382
767
275
4580
1577
3642
93
1412
17
652
1405
31
1136
98
26
260
173
378
67
669
218
81
1625
2161
5
1450
2214
145
45
27542
609
3818
74
465
478
328
87
689
1268
28
7163
1417
5352
96
164
672
444
39
60
28
19148
701
17308
3906
16423
299
6745
2711
6138
58746
60
29656
104
33
18
4114
656
65323
3938
23518
246
82
143
14
720
1203
1365
1605
1
97
1203
3526
2
7750
1121
6789
12344
12
244
689
44920
3918
153
45
254
23
1740
3729
2130
966
1124
70
2076
169
1456
107
2
28046
80
169
26
60
344
117
771
4
975
7647
2392
2356
1793
348
272
160
1669
11
6
465
971
261
62
4569
5768
1808
1506
1962
2424
555
107
69
916
22497
178
245
627
1258
799
528
154330
146
1473
54
164
164
2
1297
10064
288464
229
2848
798
798
185
61
22
17204
33911
97
24018
24018
1413
233423
919
390
2761
101291
3445
60557
500
167088
15
429
1486
1
20
342041
108
153
112
8399
33664
402
876
66776
161
19125
11298
1649
323
45
55
150505
96244
86
12747
89
234281
180
21732
227
60
226
188
3461
145
168653
2354
1660
735
2095
2542
848
80
3732
196
36
1161
128
600
932
13
12651
1626
524
5
471
1075
1075
7435
963
423
212
5612
5
116
127
94
93
90658
590
85
522
829
331
20932
15
413
912
167
32
102
93
225
1614
322
3
2013
11470
23
274
74
25
6
11
231
104
4
2840
1356
2141
4849
76
37
2181
349
12
3797
279
2
1034
1553
247
534
3409
1701
88
15
1502
21020
11
52
292
4981
15958
27029
25
201
5523
80
549
12986
11
4112
8158
40009
183
1495
18791
150
126
99
163
226
3
38
773
55
12
31
94
253
129
74
729
440
89
4380
4883
68
19
4304
3384
3
355
751
204
31
3699
662
1
4024
49
63
956
141
101
67
337
222
3
603
10
25
4260
108
127
218
7750
1
97
233425
2031
117461
62635
3102
99451
60557
357
73
22
322
6
7971
3671
372
4
3695
95
5
64
294
332
149
13070
47
93
50
2580
1577
381
896
321
75
9
647
69
14
618
263
2
457
56
323
113
2602
34
97
480
129
638
232
14
68
448
14
50
15
5182
384
104
99
584
2
157
330
1715
5347
841
125
136
257
4128
3818
520
192
2570
38
1457
228
1
352
641
919
2203
7
726
6138
16755
77
6318
13957
4083
4
51
1661
39
2819
5122
1318
11878
1
974
2
512
1420
120
120
3732
349
711
2
1
13
169
107
333
330
86
273
3090
2642
4648
86480
2585
34
401828
3
177
1234
2571
13
1350
3
103356
11
304
393
618
735
31
2938
78
4959
961
487
2929
627
28
1
20
431
522
392
90659
1
1
95
583
45
1149
42
3953
6
117
12
2
44
14
9
39
842
124
575
1066
26243
1
424
158
622
294
1045
6
311
82
66
1519
16
2205
36
42
812
3
963
50521
171
50521
213
146
13
189
3
1
2391
4467
14
3154
844
1460
114
149
66
1
7
433
223362
3727
3727
217
4679
1110
577
64
81
26429
53
96
83
2248
96
23800
6001
36
344
1557
1194
71
807
2811
3039
992
1108
5390
1824
2
9172
2855
2459
21545
145972
272
91525
24
181
70
133
1025
1058
1417
524
15457
180
2428
881
30836
20
1679
1589
216
14992
16645
1499
3101
768
104809
423
5057
4979
2720
757
6
2
1
4
128
543
2
2
1
1
4
6
3
1
31347
19
1
3845
11
10
1
10
2
1
1
7
1
1
1
7
1
1
1
1
1
2
38
3
1
1
1
1
450
22
1
1
1
1
1
1
4
1
3
1
70
1
2
3
11
1
1
8
1
5
1
1
12
1
18276
1
1
1
3
1
4
2
136
15
2
1
3
1
3
1428
4
1
1
1
3
3
7
18
2
2
1
15
1
1
1
19
2
340
1
5257
3
2
5
868
3
2
3
1
4
3
2
1605
2
19
1
3
7
1
2
1
2
1
3145
7
1
1
2
2
2
31
1
1
1
1
1
3
1
790
4
1
4
466
3
2
1
3
1
1
2
1
1
1
29
1
1
1
1
1
3
1
1
1
3
1
1
1
1
3
1
3
58
15
4
1
4
1
10
1
1
3
1
3
18
1
3
10
1
2
5
1
8
1
1
1
11
3
2
7
2
1
6
1
1
2
1
1
208
2
1
18
2
1
11
47
1
1
1
1
2
2
14
21
3
1
3
1
8
21
5
1
7
4
4
1
3
1
6
9687
1
2
1
1
1299
41
6
1
3
1
1
1
1
1
2
7
3
2
2
1
4
2
1
1
15
2
1
4
1
31
1
1
1
1
1216
3
2
2
3
1
14
1
1
1
18
25
3
2
3
1
1
1
2
1
1
9
7666
3
9
1
2
1
1
3
1
1
2
1
216
1
1
1
2
1
4
4
2
53
5
5
39
6
1
1
1
7
4156
55
4
10
7
7
4
19195
127
10
5
1
1
22
1
1
4
1
1
2
1
1
51
14
1
1
6
2
1
1
4
1
3
2
1
3353
2
5
1598
4
3
2
458
1
1
1
1
1
2
1
2
1
1
2
2
4725
3
1
1
1
2
35
1
1
1
3
1
5
1
3
1
551
378
24
8
4
2
2
1
14
1
3
11
5438
3
20
1
1
1
1
1
1
17
1
2
1
1
1
3
1
1
2
2
1
2
3
1
1
1
13
35
3
720
1
3
1
21655
2
2
4
1
544
5
64
2
5
5
3
2
2
134
2
12
1
1
1
27
1
52
1
2
2
5
2
1
1
1
4
1
20
1
2
2
1
1
1
23
2
3
1
1
1
3
1
4
2
2
4
4
1
1
2
2
2
3
1
2
5
48
6
8
5
1
21
1
4
1
1
1
6
1
1
1
3
1
4
1
4
11
1
1
1
1
3
1
1
1
231
33
2
2
3
6
2
2
2
1
10
3
3
13
1
10
5
2
1
1
3
1
1
1
104
1
7
7
5
1
1
1
39
2
1
38
2
9
1
1
2
13
861224
1
9
1
5
3
5
13
3
2
1
1
1
5
1
16
6
3
1
5
1
2
1
12
1
2
1
1
1
1
19
1
1
3
1
1
7
25
2
2
1
1
1
1
1
1
70
2
12
2
21
6
306
7
1
616
1
10
7
2
1
1
1
48
1
4
1
1
2
3
1
3
2
1
3
1
3
19
1
1
4
1
2
2
1
1
1
1
1
3
4
9
3
3
1
1
1
25
4
2
379
1
2
1
8
1
1
1
1
385
12
12
2
3
1
2
7
1
6
55
9
1
1
1
1
6
2
1
3
1
1
1
2
1
2
3
1
141
2
4
1343
2
3
2
1
4
4
2
1
2
1
1
3
1
2
2
1
1
1
1
1
1
2
2
1
1
2
1
1
1
6
1
1
1
1
28
14
1
4
4
3
56
1
6
1
10
2
2
2
2
1
6
1
1
1
1
2
5
1
3
3
1
1
1
7
2
1
1
3
20
1
1
49
915
2
3
1
2
1
84
1
18
1
1
1
1
2
2
868
1
1
1
1
7
3
37
37
37
1
1
1
1
1
1
1
1
119
119
1
3
2
1
15
2
32
3
4
2
207
3
1
1
2
635
1
135
3
8
1
1
3
63
8
105
1
4
11
4
1
2
1
5
14
1
4
2
1
3
1
4
2
1
1
111
2
2
7
1
1
1
1
4
6
65
1
1
1
7
2
3
12
1
3
3
2
1
1
1
41
4
21
3
1
2
1
7
1228
4
2
2
2
2
582
1
2
2
6
1
2
1
1
1
72
1
5
5
1
1
2
11
2
1
1
4
6
3
2
11
1
1
1
29
9
1
7
2
8
3
420
2
1
1
1
4
2
4
1
1
1
21
2
2
3
3
493
4
1
2
3
9
3
2
3
3
8
6
1
3
3
1
2
1
16
1
226
13
5
14609
12
6
1
1
1
16
1
1
3
1
1
1
1
2
8
3
8
141
141
59
98
98
371
3
30
3
220
3
1
2
9439
1
1
6
4188
637
2
1
1
1
1
25
5
1
5
1
1
582
154
231
239
69
39
604
577
83
63
283
112
62
3102
68
293
59
686
103
110
43
26
35
57
128
287660
59
1
11
1
34
1
1
4
1
7
7
1155
513
186
492
492
400
1717
1964
1358
292
238
872
1425
407
48
29
110
43
78
268
303
549
1370
425
462
1181
2
1681
1
105
70
13
322
361
2285
17
25
88
19
161
682
26
9
11
36
2
42
3
49
556
271
125
66
32
63
2
60
7
36
2
4841
185
16
1044
34
28
27
31
31
42
37
462
169
257
34
461
24
4044
8
433
91
9
14
195
1597
2
1
16939
30
4117
18974
18974
1501
701
601
24
433
165
165
1307
705
99
661
32
52
419
22
96
984
37
131
65
12
350
4
12
6
16
142
77
64
226
17
7
4
540
2952
532
63
7750
15
9
10
12
16